0 0.431034 0.468981 0.037127 0.075950
0 0.395687 0.462652 0.038653 0.075950
1 0.764164 0.272777 0.150036 0.220617
0 0.721188 0.419252 0.056963 0.112117
0 0.761621 0.412471 0.042213 0.103979
0 0.800020 0.417444 0.047808 0.110309
0 0.840454 0.406142 0.055437 0.096746
0 0.741278 0.491133 0.072729 0.080471
0 0.828502 0.500627 0.068152 0.110309
0 0.849354 0.515998 0.040688 0.108500
0 0.661428 0.584263 0.049334 0.103979
0 0.798749 0.545836 0.053403 0.121159
0 0.750941 0.548548 0.066626 0.121159
0 0.702370 0.586071 0.046791 0.107596
0 0.776371 0.604155 0.056454 0.042496
0 0.814515 0.643034 0.061540 0.107596
0 0.861560 0.646651 0.047808 0.100363
0 0.687875 0.761480 0.068660 0.102171
0 0.723222 0.711751 0.025430 0.093129
0 0.756027 0.697284 0.062557 0.107596
0 0.799766 0.711751 0.063574 0.109404
0 0.836131 0.748370 0.062049 0.099459