1 0.665192 0.746477 0.191740 0.356604
0 0.489846 0.509984 0.058430 0.102867
0 0.541184 0.395520 0.054459 0.095807
0 0.541468 0.495865 0.056161 0.094799
0 0.594792 0.593689 0.064103 0.112952
0 0.582880 0.374846 0.038008 0.098833
0 0.587418 0.484267 0.040277 0.124045
0 0.693830 0.242748 0.063913 0.105976
0 0.661873 0.282626 0.047935 0.085218
0 0.622235 0.333975 0.060841 0.096143
0 0.626844 0.442136 0.054081 0.107069
0 0.760202 0.324689 0.061455 0.105976
0 0.717490 0.369483 0.062070 0.101606
0 0.668941 0.379316 0.036259 0.103791
0 0.671091 0.489662 0.041790 0.110346
0 0.635755 0.533910 0.052237 0.131105
0 0.712881 0.513151 0.067601 0.100513
0 0.773107 0.532817 0.067601 0.111439
0 0.769420 0.425748 0.057768 0.093958
0 0.714110 0.439951 0.055310 0.041516
0 0.706428 0.307754 0.053466 0.039331