0 0.393595 0.481856 0.037927 0.074168
0 0.392330 0.395702 0.029499 0.086154
0 0.444374 0.429414 0.018963 0.053191
0 0.427518 0.489722 0.036662 0.077914
0 0.461652 0.495716 0.037505 0.079412
0 0.495786 0.499087 0.036662 0.078663
1 0.765323 0.262391 0.144215 0.218508
0 0.688026 0.759132 0.066099 0.104884
0 0.662624 0.584811 0.049164 0.105855
0 0.703321 0.587239 0.044248 0.110711
0 0.757675 0.695036 0.064460 0.106826
0 0.721348 0.705233 0.021304 0.094201
0 0.814760 0.642594 0.060636 0.104884
0 0.800830 0.711060 0.061182 0.107797
0 0.834153 0.747478 0.061182 0.100999
0 0.861193 0.645022 0.047525 0.101970
0 0.750574 0.546937 0.066645 0.119451
0 0.739102 0.479928 0.071015 0.090316
0 0.792090 0.419717 0.063367 0.111682
0 0.836884 0.415832 0.057905 0.111682
0 0.848356 0.514403 0.044794 0.108768
0 0.804381 0.523629 0.060636 0.101970
0 0.775975 0.573158 0.052988 0.115566