1 0.765260 0.267041 0.150896 0.210440
0 0.717797 0.419997 0.049921 0.121020
0 0.759776 0.425712 0.063535 0.123037
0 0.810831 0.386380 0.060510 0.118330
0 0.846192 0.405206 0.044248 0.095471
0 0.739543 0.490309 0.069208 0.077426
0 0.828795 0.499332 0.065426 0.112952
0 0.751834 0.547740 0.068074 0.123709
0 0.797406 0.548076 0.055593 0.121692
0 0.702292 0.588416 0.047651 0.112279
0 0.662960 0.584718 0.049921 0.106228
0 0.861130 0.647581 0.045382 0.097488
0 0.814802 0.641530 0.057862 0.104211
0 0.835981 0.747758 0.059375 0.098833
0 0.687732 0.760196 0.068452 0.104884
0 0.757507 0.695316 0.062023 0.106901
0 0.799864 0.711452 0.063535 0.105556
0 0.737274 0.709099 0.054081 0.094126