0 0.432114 0.469629 0.039066 0.073702
0 0.395440 0.462542 0.037471 0.077954
0 0.523139 0.280059 0.049706 0.172208
0 0.572385 0.273681 0.053324 0.169427
0 0.687070 0.761158 0.066372 0.104884
0 0.661566 0.584713 0.047321 0.105976
0 0.726401 0.708716 0.033186 0.091773
0 0.756207 0.695605 0.060841 0.107069
0 0.800762 0.712540 0.067601 0.108161
0 0.837021 0.747501 0.062684 0.097236
0 0.861295 0.644802 0.046091 0.099421
0 0.815204 0.642617 0.057153 0.105976
0 0.702126 0.585259 0.048550 0.107069
0 0.751291 0.543742 0.065757 0.117994
0 0.798304 0.542104 0.054081 0.114716
0 0.829031 0.494578 0.066372 0.102699
0 0.738692 0.477098 0.074975 0.085218
0 0.852077 0.513151 0.035029 0.109254
0 0.792466 0.416462 0.062070 0.110346
0 0.842244 0.402805 0.051008 0.091773
1 0.764811 0.264053 0.144420 0.218508