1 0.664946 0.744656 0.194199 0.353982
0 0.488329 0.520072 0.057073 0.106024
0 0.541875 0.502401 0.055149 0.100323
0 0.595421 0.596454 0.064769 0.126544
0 0.541234 0.400368 0.053867 0.101464
0 0.566885 0.292634 0.053867 0.104884
0 0.522958 0.303464 0.036553 0.128824
0 0.623317 0.336525 0.060280 0.099183
0 0.584199 0.377567 0.038476 0.096903
0 0.586444 0.487581 0.045530 0.118564
0 0.626844 0.437419 0.054508 0.098043
0 0.636463 0.538882 0.048095 0.114004
0 0.671091 0.487581 0.041683 0.111724
0 0.669488 0.376427 0.041041 0.099183
0 0.661152 0.284654 0.047454 0.095763
0 0.692895 0.242472 0.063486 0.107164
0 0.709247 0.311445 0.051302 0.051302
0 0.719828 0.373577 0.062203 0.109444
0 0.715981 0.439129 0.058356 0.044462
0 0.709888 0.514372 0.064127 0.096903
0 0.772733 0.530332 0.069257 0.110584
0 0.768244 0.424879 0.056432 0.098043
0 0.762473 0.322275 0.057715 0.100323
0 0.804476 0.285794 0.059638 0.116284