1 0.764570 0.257027 0.143506 0.228193
0 0.643187 0.564237 0.064976 0.124018
0 0.769353 0.573095 0.066172 0.117640
0 0.803635 0.523488 0.062186 0.104884
0 0.847285 0.513567 0.044248 0.107718
0 0.688830 0.760185 0.066970 0.106301
0 0.756797 0.695341 0.063382 0.108427
0 0.723710 0.705263 0.025911 0.094254
0 0.799051 0.711287 0.064976 0.107718
0 0.814000 0.639711 0.056605 0.106301
0 0.862832 0.645734 0.045045 0.104175
0 0.837519 0.747783 0.058200 0.099923
0 0.496817 0.483146 0.036485 0.071072
0 0.462079 0.481076 0.038426 0.072453
0 0.428505 0.479351 0.036485 0.073143
0 0.392990 0.477626 0.036873 0.072453
0 0.497594 0.407589 0.036485 0.085563
0 0.464602 0.403793 0.035709 0.086253
0 0.429669 0.401723 0.034156 0.084873
0 0.395513 0.404828 0.034932 0.078663
0 0.432774 0.318575 0.034156 0.086943
0 0.460526 0.321336 0.026005 0.086943