0 0.396339 0.465043 0.039331 0.083369
0 0.430565 0.476473 0.038953 0.079335
0 0.464034 0.486221 0.040844 0.081352
0 0.498828 0.495634 0.040844 0.080007
1 0.764793 0.266210 0.144022 0.208996
0 0.840491 0.402713 0.052490 0.087146
0 0.792339 0.419679 0.059431 0.113367
0 0.739849 0.480219 0.073313 0.089460
0 0.827043 0.501427 0.066372 0.111824
0 0.662415 0.583945 0.050321 0.108740
0 0.704060 0.587801 0.043380 0.107197
0 0.751995 0.548470 0.069842 0.122621
0 0.796677 0.548470 0.057696 0.117994
0 0.687142 0.760551 0.067673 0.104112
0 0.729221 0.709652 0.036439 0.096400
0 0.756984 0.693071 0.061600 0.107968
0 0.802750 0.712351 0.065504 0.107968
0 0.836587 0.747441 0.061166 0.099485
0 0.861964 0.646413 0.046851 0.099485
0 0.816632 0.640243 0.055960 0.107197