0 0.489611 0.480740 0.055791 0.082083
0 0.571374 0.427729 0.053867 0.087783
0 0.527767 0.343366 0.035911 0.096903
0 0.642555 0.476180 0.069257 0.104884
0 0.669168 0.251022 0.053226 0.085503
0 0.632294 0.296624 0.043607 0.106024
0 0.637104 0.379277 0.054508 0.100323
0 0.694177 0.364456 0.059638 0.088923
0 0.678787 0.319425 0.051943 0.055862
0 0.729447 0.331395 0.058356 0.100323
0 0.753495 0.427729 0.062845 0.101464
0 0.692895 0.512662 0.059638 0.109444
0 0.766641 0.530902 0.078876 0.111724
1 0.659059 0.722024 0.172333 0.307751