0 0.395394 0.463698 0.036684 0.076646
0 0.431889 0.470085 0.040088 0.073284
1 0.766205 0.267378 0.134634 0.216491
0 0.623818 0.398818 0.054837 0.120347
0 0.841378 0.404189 0.053187 0.088992
0 0.793555 0.420081 0.060338 0.112829
0 0.741039 0.478085 0.076875 0.087403
0 0.827300 0.499935 0.067042 0.112035
0 0.851658 0.513046 0.035309 0.103294
0 0.798248 0.546815 0.052740 0.121570
0 0.751318 0.547213 0.067042 0.122364
0 0.704166 0.585749 0.053187 0.108857
0 0.661706 0.583366 0.049611 0.105678
0 0.688522 0.759761 0.068383 0.107267
0 0.757129 0.695400 0.063467 0.108857
0 0.721373 0.705730 0.020560 0.089787
0 0.798695 0.711689 0.064360 0.111240
0 0.835568 0.747048 0.060338 0.099322
0 0.862608 0.644150 0.045589 0.095349
0 0.813668 0.642561 0.054081 0.109651