1 0.763966 0.259705 0.139657 0.227374
0 0.497640 0.320092 0.037168 0.087053
0 0.464012 0.318519 0.034808 0.090200
0 0.430678 0.316945 0.034218 0.084956
0 0.497882 0.404533 0.035171 0.088748
0 0.463278 0.403525 0.036306 0.086731
0 0.428674 0.401508 0.036684 0.086731
0 0.393692 0.422014 0.035550 0.043029
0 0.392935 0.473783 0.035550 0.068578
0 0.427350 0.476809 0.035550 0.069250
0 0.461576 0.479162 0.035171 0.069922
0 0.496748 0.481179 0.035171 0.069922
0 0.567090 0.458656 0.000378 0.000672
0 0.643363 0.563946 0.066667 0.121665
0 0.769912 0.570764 0.064897 0.114323
0 0.802360 0.523566 0.062537 0.101737
0 0.846903 0.515175 0.046608 0.110128
0 0.687021 0.760603 0.071386 0.105932
0 0.756637 0.695051 0.061947 0.111177
0 0.728024 0.707112 0.035398 0.101737
0 0.800885 0.709210 0.066667 0.105932
0 0.814159 0.641036 0.057817 0.105932
0 0.860177 0.645755 0.048378 0.100688
0 0.836283 0.748541 0.060767 0.100688