1 0.750164 0.261253 0.113897 0.218508
0 0.788061 0.421492 0.050393 0.109254
0 0.740741 0.476483 0.072927 0.086675
0 0.662078 0.584644 0.049164 0.103427
0 0.702434 0.586829 0.046296 0.109254
0 0.749549 0.550776 0.065962 0.124549
0 0.793183 0.548591 0.053261 0.117266
0 0.814487 0.642913 0.061455 0.107797
0 0.861398 0.647283 0.048755 0.101970
0 0.686250 0.761271 0.069649 0.107069
0 0.757129 0.694627 0.062275 0.109254
0 0.727016 0.708465 0.031547 0.093230
0 0.800762 0.711015 0.063504 0.104155
0 0.835587 0.747433 0.056949 0.099785
0 0.392469 0.482373 0.037334 0.075385
0 0.428650 0.487699 0.036873 0.081121
0 0.463449 0.493025 0.039178 0.078663
0 0.497788 0.499580 0.040560 0.077024