0 0.391423 0.321836 0.034793 0.083369
0 0.425838 0.319819 0.034793 0.084714
0 0.457984 0.317466 0.033280 0.084041
0 0.492209 0.316122 0.035171 0.084041
0 0.391801 0.404869 0.036306 0.086731
0 0.426972 0.403525 0.036306 0.084041
0 0.461009 0.401508 0.037062 0.084041
0 0.495046 0.399827 0.037062 0.084714
0 0.392179 0.480170 0.035550 0.067905
0 0.427729 0.479834 0.036306 0.068578
0 0.461576 0.478153 0.036684 0.069250
0 0.495613 0.476473 0.035928 0.068578
1 0.695182 0.077516 0.060964 0.155031
0 0.643522 0.563977 0.063989 0.122566
0 0.847369 0.514004 0.045675 0.104884
0 0.803597 0.522039 0.061852 0.098963
0 0.770054 0.570252 0.067085 0.109113
0 0.688933 0.760988 0.066610 0.103192
0 0.757208 0.695859 0.060424 0.109959
0 0.721762 0.708123 0.022838 0.100654
0 0.798363 0.710661 0.067561 0.104038
0 0.814064 0.638342 0.058045 0.103192
0 0.834761 0.747877 0.057570 0.098963
0 0.861167 0.645108 0.045675 0.098117