0 0.491419 0.520470 0.063020 0.102500
0 0.542035 0.500805 0.058327 0.103692
0 0.538348 0.402476 0.060338 0.104884
0 0.523599 0.305340 0.041566 0.115610
0 0.566171 0.292229 0.058327 0.103692
0 0.583266 0.376851 0.036203 0.098924
0 0.619804 0.333348 0.055645 0.100116
0 0.585948 0.488290 0.040225 0.123953
0 0.626508 0.438828 0.050282 0.094157
0 0.596675 0.594365 0.060338 0.114419
0 0.634218 0.540136 0.050952 0.113227
0 0.671427 0.486502 0.036873 0.113227
0 0.670421 0.374467 0.040225 0.101308
0 0.661370 0.282694 0.048941 0.094157
0 0.694221 0.243363 0.065031 0.103692
0 0.707965 0.308915 0.053634 0.046483
0 0.717015 0.371488 0.065031 0.102500
0 0.715004 0.438232 0.052963 0.054826
0 0.710311 0.515107 0.065031 0.103692
0 0.774671 0.531197 0.065031 0.112035
0 0.767297 0.426313 0.054304 0.090581
0 0.759587 0.322621 0.060338 0.100116
0 0.804840 0.284482 0.061008 0.114419
1 0.665728 0.748711 0.194422 0.351599