1 0.656342 0.722878 0.174041 0.319895
0 0.531168 0.490736 0.059385 0.100053
0 0.485949 0.487631 0.046577 0.082803
0 0.769867 0.529732 0.073746 0.112829
0 0.694556 0.515430 0.065254 0.103294
0 0.648744 0.485236 0.063020 0.104884
0 0.591982 0.496757 0.062126 0.110446
0 0.582819 0.420478 0.068830 0.113624
0 0.563601 0.351748 0.064360 0.109651
0 0.636453 0.385517 0.054528 0.116802
0 0.631313 0.295333 0.044248 0.100116
0 0.668857 0.253221 0.053187 0.092170
0 0.729195 0.329897 0.059444 0.100911
0 0.695227 0.373996 0.065701 0.109651
0 0.752436 0.430013 0.058550 0.097732
0 0.702601 0.440740 0.047376 0.054031
0 0.677572 0.314005 0.045589 0.043702