1 0.657080 0.719354 0.169617 0.312029
0 0.490782 0.485333 0.053835 0.090462
0 0.557153 0.343740 0.067109 0.106195
0 0.583333 0.422402 0.069322 0.114061
0 0.590339 0.495821 0.061209 0.111439
0 0.630900 0.292609 0.046460 0.098328
0 0.665560 0.250000 0.056785 0.089151
0 0.638274 0.388315 0.053835 0.116683
0 0.693215 0.373894 0.066372 0.106195
0 0.677360 0.322763 0.053835 0.064241
0 0.647027 0.486036 0.067536 0.103504
0 0.768126 0.528127 0.073746 0.110404
0 0.694768 0.511567 0.063655 0.107644
0 0.755706 0.429454 0.055116 0.100744
0 0.730088 0.330090 0.058221 0.097983