0 0.397474 0.406550 0.039331 0.087403
0 0.392746 0.483196 0.038197 0.076646
0 0.432456 0.411593 0.038197 0.086731
0 0.427161 0.487230 0.035928 0.077990
0 0.466115 0.416299 0.038953 0.088075
0 0.500908 0.421678 0.036684 0.086731
0 0.461765 0.493953 0.037062 0.076646
0 0.496180 0.501349 0.036306 0.077990
0 0.688299 0.759761 0.066148 0.104089
0 0.654107 0.572242 0.052293 0.099322
0 0.690534 0.507881 0.040225 0.115213
0 0.704389 0.420478 0.050952 0.110446
0 0.745955 0.426835 0.042907 0.113624
1 0.765158 0.267156 0.144779 0.224924
0 0.758917 0.693811 0.059891 0.104089
0 0.722490 0.706127 0.025476 0.093760
0 0.836462 0.748637 0.060338 0.097732
0 0.800259 0.711292 0.058550 0.107267
0 0.769867 0.571844 0.064807 0.112829
0 0.814115 0.640178 0.057656 0.104884
0 0.861044 0.644548 0.046036 0.100911
0 0.849423 0.514635 0.040672 0.111240
0 0.802494 0.523375 0.060338 0.104884