0 0.396442 0.406573 0.037544 0.088992
0 0.433092 0.409751 0.038437 0.088992
0 0.392867 0.484044 0.038437 0.073895
0 0.427952 0.488414 0.036203 0.079457
0 0.461697 0.493976 0.036650 0.079457
0 0.495441 0.497949 0.037097 0.079457
1 0.766094 0.265069 0.147493 0.213367
0 0.689311 0.762238 0.068541 0.109511
0 0.661873 0.583159 0.048857 0.104884
0 0.703125 0.586027 0.048396 0.104064
0 0.757513 0.694598 0.062223 0.108161
0 0.723405 0.705250 0.025350 0.096690
0 0.802683 0.711396 0.059458 0.107342
0 0.835868 0.747859 0.060380 0.099967
0 0.860988 0.644205 0.046091 0.100787
0 0.814897 0.639698 0.058075 0.104884
0 0.750599 0.547515 0.067754 0.123730
0 0.775028 0.571278 0.054849 0.115536
0 0.804757 0.520885 0.063606 0.099967
0 0.847852 0.510642 0.045631 0.099148
0 0.739076 0.482373 0.075129 0.095051
0 0.841860 0.414772 0.054849 0.113897
0 0.792773 0.415591 0.062684 0.110619