1 0.763889 0.258340 0.142167 0.228705
0 0.644256 0.564250 0.062684 0.119451
0 0.769420 0.572262 0.065552 0.113624
0 0.803835 0.523098 0.062275 0.102699
0 0.847468 0.513629 0.047116 0.107069
0 0.687480 0.760179 0.067191 0.106340
0 0.756719 0.695355 0.059816 0.109254
0 0.723124 0.706280 0.022943 0.094687
0 0.800557 0.711015 0.063913 0.104155
0 0.835177 0.747433 0.060226 0.096872
0 0.814692 0.639635 0.056129 0.104155
0 0.860783 0.645827 0.046706 0.099057
0 0.391234 0.321500 0.035928 0.085386
0 0.425270 0.320828 0.033659 0.085386
0 0.458929 0.318139 0.035171 0.085386
0 0.491264 0.316794 0.035550 0.084041
0 0.392368 0.405542 0.034415 0.088075
0 0.426783 0.404533 0.035928 0.084714
0 0.460253 0.402180 0.036306 0.085386
0 0.494478 0.399155 0.036684 0.083369
0 0.495991 0.476473 0.035928 0.068578
0 0.461954 0.476473 0.034415 0.068578
0 0.427161 0.479834 0.034415 0.068578
0 0.392179 0.481515 0.034037 0.065216