1 0.665961 0.745800 0.193023 0.347712
0 0.490253 0.519502 0.060921 0.107164
0 0.523278 0.303464 0.042324 0.115144
0 0.566564 0.290354 0.058356 0.098043
0 0.538027 0.404928 0.058997 0.110584
0 0.541234 0.501831 0.057715 0.106024
0 0.489291 0.451669 0.056432 0.037621
0 0.596063 0.591324 0.059638 0.109444
0 0.586283 0.486284 0.047084 0.128079
0 0.582312 0.376358 0.036873 0.099841
0 0.620604 0.333497 0.058997 0.102867
0 0.626276 0.438885 0.051055 0.099841
0 0.633935 0.538222 0.051622 0.106901
0 0.660313 0.281560 0.047651 0.087739
0 0.669106 0.377871 0.041411 0.104884
0 0.670808 0.488301 0.039142 0.113960
0 0.710234 0.514522 0.062401 0.099841
0 0.715339 0.442415 0.052190 0.046391
0 0.717608 0.368795 0.063535 0.098833
0 0.692932 0.241724 0.065237 0.104884
0 0.708532 0.305764 0.051055 0.037314
0 0.759303 0.323916 0.061833 0.099841
0 0.767245 0.425270 0.056161 0.100850
0 0.773769 0.530658 0.064670 0.113960
0 0.797027 0.294166 0.039710 0.114969
0 0.824541 0.398041 0.000567 0.000000