0 0.774735 0.761248 0.057004 0.021969
1 0.763175 0.272263 0.149486 0.220397
0 0.688830 0.761248 0.069361 0.104175
0 0.755999 0.694987 0.062585 0.106301
0 0.728893 0.709515 0.035478 0.094254
0 0.801044 0.712350 0.063382 0.105592
0 0.835526 0.747783 0.059794 0.095671
0 0.860639 0.645734 0.047835 0.099923
0 0.813801 0.640774 0.059396 0.105592
0 0.662521 0.584788 0.048633 0.108427
0 0.701985 0.586914 0.047038 0.111262
0 0.751415 0.547583 0.069361 0.120474
0 0.799051 0.546874 0.051423 0.123309
0 0.828550 0.500811 0.067368 0.113388
0 0.847684 0.515338 0.045842 0.107010
0 0.719525 0.419667 0.054214 0.116931
0 0.742047 0.486637 0.068166 0.069450
0 0.760384 0.425337 0.062585 0.124018
0 0.810811 0.386360 0.059794 0.119766
0 0.845492 0.403368 0.043849 0.091419