1 0.751580 0.265346 0.119258 0.222503
0 0.794564 0.418551 0.063633 0.118369
0 0.847029 0.418177 0.037927 0.077164
0 0.738306 0.480732 0.070796 0.092897
0 0.828066 0.500211 0.064897 0.112375
0 0.795407 0.548907 0.056890 0.125860
0 0.749684 0.546659 0.067425 0.118369
0 0.662031 0.582245 0.048040 0.107131
0 0.702065 0.586365 0.047198 0.110877
0 0.687316 0.761671 0.066582 0.107880
0 0.756426 0.694245 0.061525 0.107880
0 0.724189 0.709229 0.026549 0.092897
0 0.797935 0.712225 0.063633 0.107880
0 0.835440 0.746687 0.058576 0.097392
0 0.814581 0.640680 0.058997 0.107131
0 0.861146 0.645924 0.048462 0.101138