1 0.762748 0.258073 0.150302 0.224751
0 0.642998 0.562735 0.063913 0.122364
0 0.769771 0.571475 0.064616 0.112375
0 0.803484 0.522779 0.061806 0.099889
0 0.847731 0.514039 0.044950 0.104884
0 0.687948 0.761889 0.066723 0.106132
0 0.721768 0.705738 0.020800 0.090092
0 0.755805 0.693972 0.060888 0.108245
0 0.799675 0.712125 0.063913 0.105556
0 0.837115 0.748094 0.063157 0.095471
0 0.860374 0.646572 0.045382 0.098160
0 0.815180 0.640521 0.057106 0.106228
0 0.498370 0.320646 0.035709 0.085563
0 0.464408 0.319265 0.033768 0.084183
0 0.431222 0.318920 0.034156 0.083493
0 0.398036 0.317885 0.035321 0.084183
0 0.497982 0.404138 0.034156 0.085563
0 0.463437 0.403103 0.034932 0.083493
0 0.429863 0.401723 0.034544 0.084873
0 0.396289 0.400343 0.034156 0.086253
0 0.496623 0.482111 0.036097 0.071762
0 0.461691 0.480731 0.036097 0.070382
0 0.427729 0.478316 0.036485 0.068312
0 0.393572 0.475556 0.035709 0.068312