0 0.398276 0.407175 0.037727 0.086154
0 0.392707 0.482860 0.036762 0.073284
0 0.431224 0.411788 0.035732 0.086339
0 0.427540 0.489247 0.036684 0.077990
0 0.466304 0.418988 0.037062 0.086731
0 0.461765 0.496643 0.037062 0.080680
0 0.496180 0.500677 0.037062 0.076646
0 0.500340 0.421341 0.037062 0.090092
0 0.687597 0.760641 0.067425 0.103635
0 0.644402 0.563984 0.062509 0.119867
0 0.778199 0.384183 0.033713 0.097392
0 0.752915 0.416647 0.044950 0.112375
0 0.716744 0.428509 0.040034 0.108629
0 0.758534 0.693840 0.061806 0.107381
0 0.723767 0.708199 0.027391 0.096143
0 0.799972 0.711945 0.061806 0.106132
0 0.836845 0.748154 0.061104 0.098641
0 0.816477 0.639525 0.054081 0.101138
0 0.769771 0.570851 0.064616 0.113624
0 0.861076 0.644519 0.044950 0.101138
0 0.848434 0.511542 0.043545 0.102386
0 0.802781 0.518409 0.054783 0.101138