1 0.765436 0.266447 0.146475 0.213384
0 0.686349 0.420156 0.053403 0.119350
0 0.793917 0.418348 0.060014 0.112117
0 0.840454 0.408402 0.051368 0.097650
0 0.739498 0.482092 0.073238 0.094938
0 0.827739 0.501079 0.066626 0.113021
0 0.848337 0.515546 0.044756 0.111213
0 0.798749 0.546740 0.053403 0.122967
0 0.750941 0.547644 0.067643 0.122967
0 0.699573 0.585167 0.048317 0.109404
0 0.662191 0.584263 0.051877 0.105788
0 0.687366 0.761480 0.069678 0.105788
0 0.756535 0.695024 0.062557 0.112117
0 0.726020 0.707682 0.031024 0.097650
0 0.799766 0.711751 0.063574 0.103979
0 0.835876 0.748822 0.060523 0.100363
0 0.774591 0.759672 0.056963 0.022604
0 0.815278 0.640321 0.056963 0.105788
0 0.861052 0.645746 0.048825 0.100363
0 0.431751 0.468947 0.038437 0.075484
0 0.395995 0.462193 0.037544 0.074690