1 0.764397 0.262423 0.142362 0.213187
0 0.656663 0.270403 0.056432 0.151625
0 0.696101 0.259003 0.045530 0.126544
0 0.687765 0.760050 0.068616 0.107164
0 0.662114 0.582774 0.051943 0.108304
0 0.704117 0.589044 0.046172 0.111724
0 0.738425 0.482451 0.072464 0.092343
0 0.792292 0.418608 0.064769 0.115144
0 0.841349 0.414048 0.052584 0.108304
0 0.846159 0.514372 0.049378 0.108304
0 0.802552 0.524632 0.060921 0.110584
0 0.750930 0.546863 0.066692 0.120844
0 0.773054 0.570804 0.059638 0.114004
0 0.815378 0.645476 0.057073 0.110584
0 0.858984 0.646046 0.054508 0.102604
0 0.757663 0.693928 0.060921 0.111724
0 0.723355 0.707608 0.028216 0.095763
0 0.799667 0.711028 0.064127 0.109444
0 0.835898 0.747510 0.059638 0.100323
0 0.393100 0.481310 0.035911 0.078663
0 0.428691 0.487581 0.037835 0.079803
0 0.461075 0.493851 0.038476 0.083223
0 0.496665 0.500121 0.036553 0.082083