1 0.764882 0.272420 0.148627 0.222542
0 0.721390 0.420669 0.056350 0.115641
0 0.762423 0.408231 0.044626 0.098833
0 0.798729 0.417980 0.050677 0.111607
0 0.840330 0.407223 0.052190 0.096816
0 0.740867 0.491600 0.069586 0.081352
0 0.827850 0.500340 0.067317 0.110935
0 0.849784 0.514795 0.041600 0.111607
0 0.662393 0.584718 0.050299 0.106228
0 0.702859 0.588080 0.047273 0.107573
0 0.751645 0.548412 0.065426 0.119675
0 0.795893 0.545387 0.057106 0.120347
0 0.814046 0.642202 0.059375 0.108245
0 0.861130 0.644892 0.046895 0.098833
0 0.835981 0.748094 0.060132 0.099505
0 0.799297 0.712797 0.064670 0.106901
0 0.756183 0.694644 0.061644 0.106901
0 0.724038 0.707754 0.025338 0.094126
0 0.687543 0.760869 0.067317 0.103539
0 0.428650 0.460429 0.046091 0.089026