0 0.397809 0.407688 0.040455 0.089151
0 0.431943 0.411434 0.038769 0.090649
0 0.465866 0.415929 0.040877 0.087653
0 0.500421 0.421548 0.038348 0.088402
0 0.496839 0.500960 0.036241 0.079412
0 0.462073 0.496090 0.036662 0.078663
0 0.427097 0.489722 0.035820 0.076415
0 0.393595 0.483729 0.034555 0.076415
1 0.764503 0.264285 0.144543 0.218508
0 0.688299 0.758112 0.068830 0.104884
0 0.699115 0.585054 0.055064 0.104884
0 0.738938 0.476674 0.075713 0.080411
0 0.756953 0.694562 0.062158 0.106757
0 0.722187 0.702053 0.024231 0.091773
0 0.799621 0.711418 0.058997 0.104884
0 0.836231 0.747472 0.059524 0.096455
0 0.862042 0.644461 0.045828 0.096455
0 0.814633 0.641651 0.055310 0.102074
0 0.738780 0.565330 0.048989 0.108629
0 0.778287 0.570949 0.050042 0.114248
0 0.803571 0.520380 0.060577 0.097392
0 0.847292 0.510547 0.044775 0.102074
0 0.792509 0.417837 0.060577 0.107693
0 0.840971 0.415964 0.052149 0.111439