0 0.397560 0.405381 0.038884 0.089787
0 0.393090 0.483647 0.037097 0.076279
0 0.427058 0.489209 0.037097 0.077868
0 0.432422 0.411738 0.037991 0.088198
0 0.465496 0.416108 0.038884 0.085814
0 0.461920 0.494771 0.037991 0.079457
0 0.500358 0.421273 0.037097 0.089787
0 0.495665 0.499935 0.035756 0.073895
0 0.687377 0.760065 0.066986 0.104884
0 0.725172 0.707077 0.029499 0.097236
0 0.756822 0.695605 0.059612 0.111439
0 0.698746 0.586351 0.052852 0.109254
0 0.739921 0.562316 0.044248 0.104884
0 0.778024 0.568325 0.047935 0.110346
0 0.800762 0.712540 0.061455 0.103791
0 0.837021 0.746408 0.060226 0.097236
0 0.861295 0.645349 0.044862 0.100513
0 0.814897 0.640432 0.057768 0.105976
0 0.848083 0.510966 0.044248 0.104884
0 0.803220 0.520799 0.060226 0.098328
0 0.787549 0.403898 0.046091 0.107069
0 0.752520 0.413184 0.044862 0.103791
1 0.765118 0.266238 0.138889 0.225063