0 0.398706 0.405737 0.039014 0.089659
0 0.393472 0.483977 0.037111 0.075279
0 0.431535 0.411235 0.038063 0.087121
0 0.427015 0.490320 0.035684 0.077817
0 0.466029 0.417156 0.038538 0.087121
0 0.461747 0.495395 0.038538 0.077817
0 0.496479 0.500470 0.036635 0.077817
0 0.500048 0.420539 0.035208 0.087121
0 0.644297 0.563476 0.064405 0.118868
0 0.740167 0.351961 0.050639 0.136349
0 0.706981 0.401781 0.040315 0.054190
0 0.777040 0.326177 0.049656 0.121490
0 0.808751 0.313941 0.034415 0.128482
0 0.769174 0.571780 0.067355 0.117994
0 0.688053 0.760570 0.069322 0.104010
0 0.757866 0.695018 0.057522 0.109254
0 0.720256 0.705506 0.019666 0.093521
0 0.800393 0.709877 0.066863 0.107506
0 0.814159 0.638643 0.058014 0.104884
0 0.804326 0.521523 0.061947 0.103136
0 0.847345 0.512783 0.043756 0.104884
0 0.836283 0.747460 0.058997 0.098765
0 0.861357 0.644324 0.047198 0.097017