0 0.432067 0.469422 0.039042 0.072493
0 0.396929 0.463638 0.038175 0.074807
0 0.687684 0.759741 0.069137 0.104064
0 0.662565 0.584798 0.050240 0.104884
0 0.703355 0.587256 0.046091 0.109800
0 0.723175 0.708528 0.023968 0.091773
0 0.757513 0.693779 0.061302 0.108161
0 0.800839 0.710986 0.063145 0.104884
0 0.836329 0.749088 0.059458 0.099148
0 0.862601 0.645434 0.045631 0.098328
0 0.816740 0.639698 0.058075 0.103245
0 0.752443 0.547925 0.066833 0.117994
0 0.796691 0.546286 0.060380 0.119633
0 0.828263 0.494664 0.066372 0.103245
0 0.842091 0.405758 0.052544 0.087676
0 0.801991 0.410265 0.042404 0.101606
0 0.734698 0.420917 0.082043 0.109800
0 0.742764 0.482782 0.071442 0.056539
1 0.766501 0.266050 0.152102 0.211406