1 0.762353 0.264002 0.136431 0.222058
0 0.791621 0.418869 0.059458 0.115536
0 0.739768 0.482782 0.072824 0.099148
0 0.811670 0.512691 0.076512 0.137660
0 0.750599 0.546286 0.067754 0.117994
0 0.701742 0.586437 0.048396 0.111439
0 0.661873 0.583979 0.049779 0.106522
0 0.775028 0.597089 0.055771 0.058997
0 0.814897 0.641747 0.059919 0.107342
0 0.861449 0.645434 0.046091 0.099967
0 0.688376 0.761789 0.067754 0.104884
0 0.722944 0.708118 0.024428 0.095870
0 0.757052 0.694188 0.064067 0.105703
0 0.798534 0.710576 0.068676 0.105703
0 0.835177 0.747859 0.060841 0.098328