0 0.687506 0.759719 0.067561 0.105729
0 0.756494 0.692898 0.061852 0.105729
0 0.721287 0.706854 0.020934 0.089659
0 0.798839 0.711507 0.065658 0.105729
0 0.835236 0.747455 0.060424 0.099809
0 0.861405 0.644686 0.047102 0.098963
0 0.814778 0.640033 0.059473 0.104884
0 0.769578 0.571098 0.066134 0.114188
0 0.803121 0.525000 0.063755 0.108267
0 0.847845 0.514850 0.044724 0.111650
0 0.643972 0.565177 0.064231 0.120955
1 0.764345 0.257716 0.142259 0.224992
0 0.396906 0.406886 0.035928 0.090765
0 0.392746 0.484204 0.036684 0.073284
0 0.431321 0.412265 0.038197 0.088075
0 0.427918 0.489583 0.038197 0.077318
0 0.461954 0.496306 0.036684 0.077318
0 0.464980 0.416971 0.038197 0.088075
0 0.500151 0.422014 0.035928 0.090092
0 0.496369 0.499668 0.038197 0.078663
0 0.553418 0.170080 0.047454 0.074103
0 0.580672 0.116498 0.067334 0.156185
0 0.620110 0.096547 0.076953 0.161886
0 0.659549 0.081905 0.078876 0.163809