0 0.495466 0.491581 0.056812 0.078663
0 0.560745 0.351737 0.063913 0.115566
0 0.582869 0.421659 0.072108 0.117509
0 0.590790 0.495466 0.063913 0.115566
0 0.631058 0.291161 0.045652 0.096143
0 0.638432 0.385432 0.053378 0.114873
0 0.649319 0.483448 0.066723 0.108629
0 0.665824 0.253703 0.057592 0.098641
0 0.730440 0.329244 0.057592 0.102386
0 0.693567 0.376691 0.065318 0.109878
0 0.679871 0.315509 0.047760 0.042453
0 0.752212 0.429758 0.061806 0.101138
0 0.694620 0.510293 0.063211 0.109878
0 0.769420 0.532144 0.076556 0.116121
1 0.656693 0.721933 0.172777 0.310905