0 0.398230 0.406214 0.039331 0.089420
0 0.431510 0.410248 0.037062 0.088075
0 0.466493 0.416635 0.038197 0.086058
0 0.500151 0.421005 0.038197 0.088075
0 0.393692 0.484204 0.038575 0.074629
0 0.427540 0.489247 0.036684 0.079335
0 0.462144 0.494962 0.038575 0.075973
0 0.496180 0.499668 0.036306 0.077318
0 0.687543 0.761100 0.066939 0.108918
0 0.756467 0.694035 0.062968 0.109926
0 0.721863 0.705632 0.022124 0.090765
0 0.800147 0.711179 0.066372 0.107909
0 0.837021 0.747989 0.058430 0.098833
0 0.723848 0.565451 0.044248 0.110935
0 0.772067 0.572007 0.062401 0.113960
0 0.713354 0.443423 0.057295 0.112952
0 0.752780 0.416194 0.046517 0.110935
0 0.861697 0.644114 0.047651 0.100850
0 0.812628 0.640080 0.052757 0.104884
0 0.848366 0.514018 0.044815 0.106901
0 0.803551 0.522086 0.062968 0.102867
1 0.737747 0.261390 0.090197 0.214810