1 0.765429 0.270979 0.147281 0.236294
0 0.640587 0.233232 0.082462 0.147791
0 0.686660 0.760103 0.069922 0.106826
0 0.756856 0.696007 0.062821 0.110711
0 0.733093 0.705719 0.044794 0.095172
0 0.773517 0.758646 0.057905 0.032048
0 0.799738 0.709603 0.062275 0.104884
0 0.834699 0.748449 0.061182 0.099057
0 0.860920 0.647450 0.048072 0.108768
0 0.814214 0.641138 0.059543 0.107797
0 0.662078 0.583840 0.050257 0.105855
0 0.701136 0.584326 0.047525 0.106826
0 0.753305 0.547908 0.065552 0.121393
0 0.795641 0.548393 0.057358 0.120422
0 0.771059 0.611032 0.045340 0.032048
0 0.828144 0.498865 0.065552 0.110711
0 0.856550 0.510519 0.028406 0.106826
0 0.741014 0.483327 0.063913 0.062153
0 0.720256 0.420688 0.055173 0.115566
0 0.762865 0.410976 0.044248 0.101970
0 0.801377 0.416318 0.044794 0.110711
0 0.842074 0.404178 0.050803 0.088374