0 0.408710 0.310770 0.034932 0.117304
0 0.517777 0.303869 0.048129 0.109024
0 0.566682 0.287309 0.057444 0.092463
0 0.500311 0.425314 0.036485 0.095223
0 0.536407 0.399783 0.062102 0.096603
0 0.490607 0.519157 0.060550 0.106264
0 0.543782 0.501906 0.056668 0.102124
0 0.596181 0.596439 0.062102 0.120064
0 0.587254 0.486036 0.044248 0.125584
0 0.583372 0.374252 0.034932 0.097983
0 0.622186 0.332850 0.055116 0.097983
0 0.627620 0.441184 0.052011 0.096603
0 0.636547 0.540548 0.049682 0.115924
0 0.672256 0.485346 0.041919 0.102124
0 0.670315 0.374942 0.041143 0.102124
0 0.659835 0.283859 0.046577 0.093843
0 0.693992 0.241077 0.063655 0.102124
0 0.718056 0.372872 0.063655 0.103504
0 0.708741 0.306629 0.051234 0.040021
0 0.760363 0.326640 0.059773 0.099363
0 0.765797 0.430834 0.058221 0.103504
0 0.709905 0.516397 0.062878 0.106264
0 0.772784 0.535027 0.065984 0.110404
0 0.716504 0.439804 0.057444 0.038641
1 0.666046 0.748245 0.198727 0.349152