1 0.778129 0.264597 0.110830 0.209018
0 0.839865 0.416304 0.054783 0.115372
0 0.793089 0.420050 0.060683 0.107880
0 0.738517 0.481107 0.073746 0.095144
0 0.847872 0.514070 0.045512 0.105633
0 0.804046 0.524184 0.062368 0.103385
0 0.776654 0.570633 0.053097 0.113874
0 0.737252 0.565388 0.049305 0.106382
0 0.697851 0.585241 0.053940 0.107131
0 0.860988 0.646663 0.047013 0.102425
0 0.814666 0.639698 0.058536 0.101606
0 0.836790 0.748269 0.058536 0.097509
0 0.798995 0.710986 0.061302 0.104884
0 0.757282 0.694188 0.061763 0.108981
0 0.722253 0.706479 0.021202 0.095870
0 0.687684 0.761379 0.066372 0.108981
0 0.611774 0.529192 0.046172 0.112864
0 0.397909 0.406068 0.039118 0.087783
0 0.432859 0.409488 0.038476 0.087783
0 0.393100 0.482451 0.037194 0.074103
0 0.427729 0.488721 0.037194 0.079803
0 0.461075 0.493281 0.037194 0.079803
0 0.495383 0.498981 0.036553 0.075243