0 0.770796 0.531957 0.072566 0.118519
0 0.705310 0.512553 0.066667 0.096493
0 0.658702 0.486332 0.047788 0.109079
0 0.630383 0.532481 0.046608 0.109079
0 0.574631 0.538774 0.071976 0.125860
0 0.534808 0.480564 0.073746 0.133202
0 0.603540 0.433891 0.060177 0.109079
0 0.555162 0.391413 0.033038 0.105932
0 0.489381 0.488954 0.052507 0.082858
0 0.755457 0.431268 0.056047 0.101737
0 0.694395 0.373582 0.066077 0.108030
0 0.642478 0.378827 0.038938 0.101737
0 0.638348 0.293346 0.037758 0.086005
0 0.599705 0.338446 0.052507 0.077614
0 0.675811 0.249295 0.046608 0.092298
0 0.733923 0.325860 0.057817 0.098591
0 0.684071 0.313274 0.046608 0.044051
0 0.700590 0.437037 0.058407 0.052442
1 0.657522 0.719698 0.169322 0.307309