1 0.764693 0.268050 0.141442 0.228593
0 0.643673 0.569927 0.060510 0.110262
0 0.683572 0.505047 0.043491 0.123037
0 0.700212 0.422686 0.051055 0.108918
0 0.739354 0.424367 0.040088 0.112279
0 0.769987 0.571271 0.064292 0.112952
0 0.688110 0.760196 0.064670 0.106228
0 0.757696 0.694644 0.060132 0.108245
0 0.722336 0.706410 0.021935 0.094126
0 0.799486 0.711116 0.065048 0.106228
0 0.836548 0.747422 0.058997 0.098160
0 0.814235 0.644219 0.056728 0.116313
0 0.862075 0.646236 0.047273 0.098833
0 0.804024 0.521855 0.061266 0.101522
0 0.851108 0.514459 0.037440 0.105556
0 0.397336 0.405779 0.041119 0.090581
0 0.393090 0.483249 0.034415 0.075484
0 0.432198 0.410149 0.039331 0.089787
0 0.427505 0.489606 0.037097 0.077074
0 0.465943 0.416108 0.038884 0.090581
0 0.462591 0.493579 0.036650 0.080252
0 0.496559 0.501922 0.037544 0.079457
0 0.500358 0.421273 0.036203 0.091376