0 0.688201 0.760603 0.069027 0.108030
0 0.662094 0.586250 0.047493 0.104326
0 0.702065 0.584923 0.046018 0.109079
0 0.756932 0.694526 0.058997 0.105932
0 0.807375 0.711308 0.048968 0.110128
0 0.722714 0.706064 0.023599 0.093346
0 0.834808 0.748541 0.058997 0.102786
0 0.861947 0.645231 0.047198 0.097542
0 0.814749 0.642085 0.057817 0.103835
0 0.751327 0.546116 0.069027 0.123763
0 0.798820 0.545592 0.051917 0.120616
0 0.827139 0.502065 0.066077 0.113274
0 0.720354 0.419731 0.055457 0.112225
0 0.740413 0.484235 0.070796 0.058735
0 0.760177 0.421829 0.063127 0.124812
0 0.811799 0.386693 0.061357 0.119567
0 0.847198 0.404523 0.041298 0.092298
1 0.761357 0.263979 0.142183 0.207670