0 0.489676 0.520944 0.062537 0.111177
0 0.541593 0.502065 0.057817 0.102786
0 0.537758 0.401377 0.056047 0.100688
0 0.565192 0.284431 0.056637 0.093346
0 0.520649 0.298591 0.043068 0.104884
0 0.582006 0.374631 0.039528 0.095444
0 0.586136 0.485808 0.046608 0.124812
0 0.596755 0.593838 0.058407 0.114323
0 0.636578 0.539823 0.049558 0.113274
0 0.625959 0.437561 0.053097 0.097542
0 0.623599 0.332678 0.056637 0.099639
0 0.693215 0.242478 0.062537 0.105932
0 0.661357 0.282858 0.047198 0.088102
0 0.669617 0.379875 0.042478 0.105932
0 0.672861 0.485808 0.038348 0.105932
0 0.711209 0.515700 0.063127 0.102786
0 0.713569 0.440184 0.057227 0.039856
0 0.720059 0.369912 0.060767 0.092298
0 0.707670 0.309079 0.052507 0.046149
0 0.759587 0.321141 0.061947 0.099639
0 0.803245 0.288102 0.063127 0.117470
0 0.768732 0.430744 0.055457 0.100688
0 0.774336 0.532481 0.064307 0.111177
0 0.823894 0.367289 0.000590 0.003147
1 0.666351 0.745774 0.194901 0.350236