0 0.398447 0.406569 0.036873 0.087146
0 0.392808 0.484075 0.037741 0.074036
0 0.427729 0.489859 0.036439 0.074807
0 0.430765 0.411582 0.037307 0.086375
0 0.461348 0.494871 0.037741 0.077120
0 0.495619 0.504126 0.037741 0.072493
1 0.765978 0.260188 0.143559 0.215011
0 0.687611 0.761652 0.065487 0.108030
0 0.698261 0.586305 0.055116 0.109024
0 0.739792 0.479696 0.071417 0.090393
0 0.737851 0.564569 0.050458 0.105574
0 0.777053 0.570089 0.052011 0.113854
0 0.793549 0.418974 0.060161 0.111094
0 0.838379 0.416214 0.057444 0.112474
0 0.804611 0.524893 0.059773 0.103504
0 0.847112 0.515922 0.046188 0.107644
0 0.726207 0.708439 0.027170 0.091083
0 0.757258 0.694639 0.061326 0.109024
0 0.799759 0.710509 0.064819 0.104884
0 0.836438 0.746735 0.057444 0.095913
0 0.814120 0.639437 0.057056 0.104884
0 0.862056 0.645302 0.045800 0.095913