1 0.766016 0.265024 0.147871 0.218508
0 0.793057 0.418652 0.062023 0.112952
0 0.841464 0.406886 0.052946 0.096143
0 0.827661 0.498660 0.067695 0.110262
0 0.739354 0.480507 0.074124 0.092782
0 0.794380 0.547740 0.058619 0.125054
0 0.751078 0.545050 0.068074 0.116986
0 0.702292 0.587071 0.046895 0.108245
0 0.662771 0.584046 0.048786 0.104884
0 0.814802 0.639849 0.057862 0.102194
0 0.857915 0.646909 0.055593 0.102867
0 0.687732 0.760532 0.067695 0.105556
0 0.722903 0.710444 0.023069 0.098160
0 0.756372 0.694644 0.063535 0.106901
0 0.800242 0.712797 0.062779 0.105556
0 0.835224 0.748431 0.059375 0.098833
0 0.498793 0.455042 0.035756 0.085814
0 0.458791 0.433986 0.034415 0.121570
0 0.431081 0.470139 0.034415 0.073101
0 0.397336 0.464180 0.037544 0.077074