0 0.397146 0.406183 0.037741 0.089460
0 0.432934 0.410810 0.039042 0.089460
0 0.393241 0.482918 0.036873 0.073264
0 0.427512 0.489087 0.037741 0.077892
0 0.461348 0.494100 0.034270 0.074036
0 0.496052 0.497571 0.036873 0.076349
0 0.721792 0.361664 0.042404 0.085218
0 0.672935 0.344457 0.068215 0.168797
0 0.688145 0.760714 0.070981 0.103245
0 0.696903 0.587000 0.053466 0.109800
0 0.756027 0.695476 0.062557 0.107596
0 0.722460 0.704970 0.023904 0.090417
0 0.800147 0.711396 0.063606 0.105703
0 0.836790 0.747859 0.058536 0.098328
0 0.738154 0.565542 0.050240 0.104064
0 0.740690 0.477456 0.074668 0.086857
0 0.861449 0.646253 0.047013 0.096690
0 0.814436 0.641337 0.058997 0.104884
0 0.777793 0.572097 0.051162 0.115536
0 0.804296 0.521704 0.061763 0.101606
0 0.848313 0.515149 0.044709 0.108161
0 0.793003 0.414772 0.062223 0.107342
0 0.841169 0.415181 0.052544 0.109800
1 0.788855 0.267279 0.090800 0.208948