1 0.658555 0.724189 0.181416 0.338250
0 0.690836 0.241645 0.066610 0.103192
0 0.659197 0.285205 0.048054 0.092196
0 0.758160 0.327074 0.060424 0.104884
0 0.706299 0.308043 0.051860 0.039754
0 0.579265 0.377824 0.035684 0.104884
0 0.559283 0.478479 0.067085 0.133642
0 0.621848 0.438302 0.057094 0.097271
0 0.618517 0.334264 0.058045 0.095579
0 0.562851 0.309312 0.053288 0.064284
0 0.541441 0.387551 0.048530 0.085429
0 0.515273 0.482285 0.053288 0.093888
0 0.633743 0.539379 0.056142 0.108267
0 0.773147 0.530921 0.069464 0.113342
0 0.707251 0.512735 0.062328 0.100654
0 0.764345 0.428997 0.055667 0.092196
0 0.714626 0.374018 0.061852 0.102346
0 0.666572 0.382476 0.037111 0.102346
0 0.667523 0.485668 0.036159 0.105729