0 0.397579 0.406183 0.036873 0.089460
0 0.432717 0.410039 0.038608 0.086375
0 0.393024 0.482918 0.039042 0.074807
0 0.427946 0.486003 0.036873 0.080976
0 0.461565 0.493329 0.037307 0.077120
0 0.495836 0.498728 0.036439 0.078663
1 0.779253 0.266238 0.111849 0.214137
0 0.840708 0.412092 0.052852 0.103791
0 0.791544 0.418647 0.061455 0.112531
0 0.739614 0.482560 0.075590 0.096143
0 0.622235 0.570510 0.038717 0.108161
0 0.699054 0.584166 0.047321 0.107069
0 0.847468 0.511513 0.044248 0.101606
0 0.804449 0.521892 0.058997 0.102699
0 0.774951 0.570510 0.054081 0.112531
0 0.739921 0.567778 0.045477 0.113624
0 0.687597 0.760641 0.067425 0.106132
0 0.757480 0.694464 0.061104 0.111127
0 0.723767 0.704453 0.028796 0.091149
0 0.799270 0.711945 0.068830 0.106132
0 0.836845 0.747530 0.059699 0.099889
0 0.813668 0.639525 0.056890 0.106132
0 0.861778 0.643895 0.047760 0.099889