1 0.759587 0.269876 0.139064 0.214450
0 0.688211 0.761050 0.069005 0.106757
0 0.756163 0.694562 0.062684 0.110502
0 0.731669 0.709077 0.040034 0.094583
0 0.799884 0.712354 0.063738 0.106757
0 0.773546 0.758241 0.053203 0.026221
0 0.835177 0.748408 0.064791 0.100201
0 0.861252 0.645397 0.047408 0.100201
0 0.815687 0.639310 0.059524 0.104884
0 0.661083 0.584059 0.049515 0.104884
0 0.701380 0.584996 0.047935 0.108629
0 0.750632 0.545664 0.068479 0.125486
0 0.795933 0.546132 0.058997 0.120803
0 0.827802 0.499778 0.067952 0.112375
0 0.847819 0.515229 0.043721 0.107693
0 0.720343 0.422988 0.054256 0.110502
0 0.739570 0.486667 0.065318 0.065552
0 0.771439 0.429543 0.000527 0.000000
0 0.760904 0.424392 0.061631 0.122676
0 0.809366 0.392085 0.055310 0.101138
0 0.845976 0.409409 0.043194 0.087091