0 0.392196 0.483523 0.036203 0.071512
0 0.426053 0.490078 0.038214 0.079855
0 0.461250 0.496037 0.038884 0.079855
0 0.495776 0.501996 0.038214 0.079855
0 0.501140 0.421546 0.038214 0.092965
0 0.463931 0.422738 0.033521 0.073895
0 0.430075 0.420950 0.034191 0.070320
0 0.394208 0.420354 0.034862 0.064360
0 0.497452 0.345267 0.048270 0.071512
0 0.455886 0.314874 0.052293 0.144215
0 0.426053 0.325601 0.042237 0.129913
0 0.388174 0.325005 0.038884 0.128721
0 0.642515 0.564057 0.062684 0.119633
0 0.686302 0.760714 0.067294 0.109800
0 0.757129 0.694581 0.060964 0.110128
0 0.723697 0.705943 0.026549 0.097891
0 0.799656 0.709877 0.061455 0.105758
0 0.836283 0.747460 0.058997 0.098765
0 0.769174 0.571343 0.064405 0.115372
0 0.861111 0.646946 0.047689 0.097017
0 0.813176 0.639954 0.058014 0.104010
0 0.803343 0.521523 0.060964 0.101388
0 0.847591 0.515842 0.045231 0.111002
1 0.765241 0.261062 0.145034 0.220256