1 0.765050 0.263848 0.143669 0.213652
0 0.793456 0.420202 0.061728 0.114595
0 0.841527 0.404664 0.051896 0.095172
0 0.739102 0.481870 0.072108 0.094201
0 0.662351 0.583840 0.050803 0.105855
0 0.702229 0.588210 0.047525 0.108768
0 0.751120 0.548393 0.071015 0.120422
0 0.797280 0.544509 0.057358 0.116537
0 0.827871 0.500807 0.067191 0.114595
0 0.855457 0.515374 0.030591 0.112653
0 0.688026 0.759132 0.068284 0.106826
0 0.755763 0.694551 0.063913 0.109739
0 0.720256 0.711546 0.024582 0.095172
0 0.802196 0.712031 0.065006 0.111682
0 0.836611 0.747478 0.059543 0.102941
0 0.861466 0.645508 0.046979 0.102941
0 0.813121 0.641623 0.055173 0.106826
0 0.393984 0.482455 0.038884 0.077074
0 0.428623 0.488414 0.037544 0.079457
0 0.462814 0.495963 0.036203 0.078663
0 0.495665 0.501525 0.038437 0.078663