0 0.392602 0.483491 0.037649 0.073143
0 0.398036 0.405863 0.037649 0.089013
0 0.434715 0.411039 0.041143 0.086943
0 0.427535 0.487976 0.036873 0.076593
0 0.461497 0.492807 0.037261 0.075213
0 0.495847 0.499707 0.036873 0.076593
0 0.617793 0.524642 0.046259 0.108459
0 0.700255 0.583043 0.050282 0.106076
0 0.687517 0.759438 0.067713 0.103692
0 0.725396 0.705208 0.026817 0.095349
0 0.756905 0.692098 0.060338 0.107267
0 0.739139 0.561589 0.047600 0.101308
0 0.740480 0.478755 0.070394 0.090581
0 0.776012 0.571124 0.052963 0.110843
0 0.798807 0.711168 0.067713 0.107267
0 0.837021 0.747519 0.059667 0.101308
0 0.815232 0.637868 0.057656 0.106076
0 0.862161 0.647999 0.048270 0.104884
0 0.848083 0.512723 0.044248 0.103692
0 0.805176 0.519874 0.061679 0.098924
0 0.793443 0.417970 0.061008 0.116802
0 0.840708 0.411415 0.052293 0.110843
1 0.780035 0.265412 0.105256 0.212151