1 0.764644 0.267219 0.148757 0.212764
0 0.688580 0.761296 0.065740 0.105633
0 0.756637 0.694995 0.061947 0.107880
0 0.799410 0.711476 0.066582 0.103385
0 0.723135 0.708480 0.022756 0.088402
0 0.835230 0.748935 0.059840 0.098890
0 0.859250 0.648546 0.049726 0.101887
0 0.815634 0.641054 0.061104 0.106382
0 0.662031 0.584867 0.050569 0.104884
0 0.701854 0.586365 0.047619 0.107880
0 0.751159 0.548158 0.068689 0.125860
0 0.799410 0.545535 0.050569 0.122115
0 0.827434 0.501334 0.063633 0.113125
0 0.855668 0.509201 0.029920 0.116870
0 0.719343 0.418926 0.053940 0.116121
0 0.845554 0.405066 0.042562 0.088402
0 0.810999 0.385213 0.059418 0.117620
0 0.760008 0.424170 0.061947 0.117620
0 0.741256 0.485227 0.066582 0.070422