1 0.396929 0.322652 0.198681 0.263752
0 0.495626 0.475763 0.039162 0.071429
0 0.461550 0.477571 0.035093 0.075046
0 0.426966 0.478927 0.035093 0.074142
0 0.392381 0.481640 0.038145 0.068717
0 0.391873 0.434623 0.037127 0.030742
0 0.496135 0.398456 0.035093 0.086800
0 0.662954 0.413827 0.052385 0.117542
0 0.700590 0.407498 0.044248 0.119350
0 0.735174 0.398456 0.044248 0.121159
0 0.838674 0.524136 0.058997 0.108500
0 0.688384 0.760576 0.065609 0.105788
0 0.757044 0.695024 0.062557 0.110309
0 0.723731 0.703161 0.026447 0.097650
0 0.800020 0.710395 0.063066 0.104884
0 0.813752 0.641678 0.061031 0.108500
0 0.836385 0.748822 0.059506 0.100363
0 0.860797 0.644842 0.047299 0.100363