1 0.666667 0.748853 0.193215 0.355293
0 0.490044 0.520075 0.062684 0.104884
0 0.522124 0.307030 0.044248 0.116683
0 0.537242 0.403392 0.059735 0.102262
0 0.543142 0.502376 0.055310 0.106195
0 0.585914 0.488610 0.046460 0.128482
0 0.583333 0.372583 0.042773 0.093084
0 0.567478 0.291953 0.049410 0.104884
0 0.621681 0.335218 0.057522 0.102262
0 0.626475 0.437480 0.053835 0.094395
0 0.594764 0.593494 0.061209 0.110128
0 0.635693 0.539741 0.051622 0.110128
0 0.672457 0.488182 0.040424 0.114595
0 0.669180 0.378929 0.041516 0.109739
0 0.661532 0.282785 0.046979 0.092259
0 0.692942 0.241512 0.065006 0.100999
0 0.719163 0.369703 0.063913 0.102941
0 0.711788 0.513918 0.066645 0.098086
0 0.774883 0.530913 0.063913 0.112653
0 0.768327 0.427000 0.057358 0.093230
0 0.761772 0.328429 0.063913 0.100028
0 0.707691 0.308035 0.049710 0.037875
0 0.714520 0.441567 0.052442 0.042730