1 0.767804 0.263848 0.149178 0.216510
0 0.790350 0.415555 0.056047 0.109379
0 0.839654 0.414056 0.053519 0.112375
0 0.739149 0.478859 0.071639 0.089151
0 0.804678 0.523060 0.061947 0.102636
0 0.847450 0.516318 0.044669 0.110128
0 0.699747 0.586365 0.055204 0.106382
0 0.738095 0.566887 0.051833 0.107880
0 0.775390 0.571007 0.053940 0.110128
0 0.814370 0.640680 0.057733 0.107131
0 0.859671 0.645549 0.049726 0.097392
0 0.836705 0.747436 0.059418 0.097392
0 0.800674 0.710353 0.059840 0.105633
0 0.756426 0.694245 0.061525 0.109379
0 0.720396 0.705483 0.018963 0.092897
0 0.687526 0.759798 0.065318 0.105633
0 0.495870 0.498918 0.035988 0.079712
0 0.461062 0.494199 0.038348 0.078663
0 0.426844 0.488430 0.037168 0.077614
0 0.392625 0.483710 0.037168 0.074467
0 0.396165 0.405572 0.035988 0.086005
0 0.431268 0.412389 0.035398 0.089151
0 0.460472 0.381449 0.034808 0.123763