0 0.397440 0.406131 0.039507 0.089900
0 0.433523 0.409877 0.037927 0.089900
0 0.392699 0.484326 0.037400 0.072108
0 0.427465 0.488072 0.036346 0.079599
0 0.461705 0.495095 0.037400 0.078663
0 0.495944 0.497436 0.037400 0.073980
1 0.800411 0.267067 0.072166 0.216323
0 0.840445 0.413623 0.051096 0.103011
0 0.795143 0.416433 0.059524 0.112375
0 0.673725 0.528340 0.063211 0.135787
0 0.663453 0.589210 0.046882 0.096455
0 0.703224 0.602320 0.046355 0.079599
0 0.776970 0.570480 0.055836 0.115185
0 0.742731 0.566735 0.040034 0.087091
0 0.805152 0.523189 0.061631 0.101138
0 0.847292 0.515229 0.046882 0.105820
0 0.687684 0.761050 0.069005 0.103011
0 0.758007 0.695966 0.062158 0.113312
0 0.722977 0.703926 0.023704 0.091773
0 0.800674 0.712354 0.064265 0.108629
0 0.838074 0.748408 0.060051 0.100201
0 0.861252 0.646334 0.046355 0.100201
0 0.813316 0.640247 0.060051 0.104884